function h = extended_spectralobject_colormap()
h = [1.0000    1.0000    1.0000
    0.9412    0.9412    0.9412
    0.8824    0.8824    0.8824
    0.8235    0.8235    0.8235
    0.7647    0.7647    0.7647
    0.7059    0.7059    0.7059
    0.6471    0.6471    0.6471
    0.5882    0.5882    0.5882
    0.5294    0.5294    0.5294
    0.4706    0.4706    0.4706
    0.4118    0.4118    0.4118
    0.3529    0.3529    0.3529
    0.2941    0.2941    0.2941
    0.2353    0.2353    0.2353
    0.1765    0.1765    0.1765
    0.1176    0.1176    0.1176
    0.0588    0.0588    0.0588
         0         0         0
         0         0    0.5625
         0         0    0.6250
         0         0    0.6875
         0         0    0.7500
         0         0    0.8125
         0         0    0.8750
         0         0    0.9375
         0         0    1.0000
         0    0.0625    1.0000
         0    0.1250    1.0000
         0    0.1875    1.0000
         0    0.2500    1.0000
         0    0.3125    1.0000
         0    0.3750    1.0000
         0    0.4375    1.0000
         0    0.5000    1.0000
         0    0.5625    1.0000
         0    0.6250    1.0000
         0    0.6875    1.0000
         0    0.7500    1.0000
         0    0.8125    1.0000
         0    0.8750    1.0000
         0    0.9375    1.0000
         0    1.0000    1.0000
    0.0625    1.0000    1.0000
    0.1250    1.0000    0.9375
    0.1875    1.0000    0.8750
    0.2500    1.0000    0.8125
    0.3125    1.0000    0.7500
    0.3750    1.0000    0.6875
    0.4375    1.0000    0.6250
    0.5000    1.0000    0.5625
    0.5625    1.0000    0.5000
    0.6250    1.0000    0.4375
    0.6875    1.0000    0.3750
    0.7500    1.0000    0.3125
    0.8125    1.0000    0.2500
    0.8750    1.0000    0.1875
    0.9375    1.0000    0.1250
    1.0000    1.0000         0
    1.0000    0.9377         0
    1.0000    0.8755         0
    1.0000    0.8132         0
    1.0000    0.7510         0
    1.0000    0.6887         0
    1.0000    0.6265         0
    1.0000    0.5642         0
    1.0000    0.5020         0
    1.0000    0.3765         0
    1.0000    0.2510         0
    1.0000    0.1255         0
    1.0000         0         0
    0.9375         0    0.5000
    0.9375    0.5000    0.9375
    1.0000    0.8000    1.0000];
    
    
    
    brown = [0.9688         0    0.3187
    0.9375         0    0.6375
    0.9500    0.1600    0.7100
    0.9625    0.3200    0.7825
    0.9750    0.4800    0.8550
    0.9875    0.6400    0.9275
    1.0000    0.8000    1.0000
    0.9546    0.7524    0.8571
    0.9092    0.7048    0.7143
    0.8639    0.6571    0.5714
    0.8185    0.6095    0.4286
    0.7731    0.5619    0.2857
    0.7277    0.5143    0.1429
    0.6824    0.4667         0
    0.6706    0.4286         0
    0.6588    0.3905         0
    0.6471    0.3524         0
    0.6353    0.3143         0
    0.6235    0.2762         0
    0.6118    0.2381         0
    0.6000    0.2000         0];
    

    
    